Time(ps),Counts
-20000,10
-19950,8
-19900,8
-19850,6
-19800,7
-19750,3
-19700,4
-19650,1
-19600,2
-19550,2
-19500,1
-19450,4
-19400,4
-19350,3
-19300,2
-19250,7
-19200,2
-19150,3
-19100,3
-19050,6
-19000,1
-18950,3
-18900,5
-18850,3
-18800,1
-18750,3
-18700,1
-18650,4
-18600,3
-18550,2
-18500,2
-18450,5
-18400,2
-18350,8
-18300,3
-18250,3
-18200,2
-18150,5
-18100,3
-18050,3
-18000,5
-17950,13
-17900,9
-17850,15
-17800,9
-17750,10
-17700,5
-17650,3
-17600,5
-17550,4
-17500,6
-17450,3
-17400,4
-17350,5
-17300,1
-17250,4
-17200,5
-17150,12
-17100,16
-17050,26
-17000,5
-16950,11
-16900,8
-16850,6
-16800,4
-16750,2
-16700,3
-16650,2
-16600,5
-16550,5
-16500,4
-16450,7
-16400,7
-16350,4
-16300,2
-16250,2
-16200,3
-16150,7
-16100,4
-16050,3
-16000,2
-15950,2
-15900,2
-15850,3
-15800,1
-15750,3
-15700,4
-15650,7
-15600,3
-15550,1
-15500,2
-15450,0
-15400,6
-15350,4
-15300,1
-15250,1
-15200,2
-15150,3
-15100,3
-15050,6
-15000,4
-14950,3
-14900,6
-14850,1
-14800,5
-14750,6
-14700,6
-14650,11
-14600,11
-14550,11
-14500,5
-14450,16
-14400,19
-14350,40
-14300,80
-14250,175
-14200,309
-14150,332
-14100,233
-14050,148
-14000,89
-13950,63
-13900,30
-13850,31
-13800,19
-13750,32
-13700,32
-13650,27
-13600,31
-13550,29
-13500,44
-13450,49
-13400,48
-13350,41
-13300,67
-13250,82
-13200,72
-13150,109
-13100,105
-13050,142
-13000,217
-12950,304
-12900,633
-12850,1310
-12800,3143
-12750,7191
-12700,16356
-12650,26351
-12600,22433
-12550,11402
-12500,4701
-12450,2025
-12400,912
-12350,430
-12300,281
-12250,183
-12200,138
-12150,96
-12100,93
-12050,69
-12000,72
-11950,55
-11900,61
-11850,42
-11800,37
-11750,37
-11700,31
-11650,39
-11600,26
-11550,23
-11500,23
-11450,21
-11400,23
-11350,49
-11300,71
-11250,119
-11200,169
-11150,303
-11100,334
-11050,241
-11000,125
-10950,41
-10900,25
-10850,20
-10800,8
-10750,5
-10700,7
-10650,6
-10600,10
-10550,6
-10500,6
-10450,4
-10400,4
-10350,2
-10300,5
-10250,2
-10200,4
-10150,5
-10100,2
-10050,5
-10000,0
-9950,6
-9900,1
-9850,3
-9800,3
-9750,7
-9700,9
-9650,7
-9600,4
-9550,5
-9500,5
-9450,6
-9400,0
-9350,2
-9300,1
-9250,0
-9200,4
-9150,1
-9100,4
-9050,2
-9000,7
-8950,2
-8900,5
-8850,4
-8800,2
-8750,4
-8700,6
-8650,1
-8600,4
-8550,5
-8500,8
-8450,5
-8400,7
-8350,8
-8300,11
-8250,18
-8200,20
-8150,13
-8100,7
-8050,3
-8000,5
-7950,2
-7900,4
-7850,3
-7800,1
-7750,0
-7700,4
-7650,4
-7600,4
-7550,10
-7500,12
-7450,11
-7400,13
-7350,17
-7300,12
-7250,7
-7200,4
-7150,6
-7100,2
-7050,2
-7000,1
-6950,9
-6900,1
-6850,2
-6800,3
-6750,3
-6700,4
-6650,5
-6600,4
-6550,6
-6500,6
-6450,3
-6400,1
-6350,2
-6300,5
-6250,2
-6200,6
-6150,4
-6100,3
-6050,4
-6000,2
-5950,3
-5900,4
-5850,3
-5800,1
-5750,4
-5700,3
-5650,9
-5600,4
-5550,5
-5500,3
-5450,3
-5400,5
-5350,10
-5300,15
-5250,10
-5200,12
-5150,6
-5100,6
-5050,3
-5000,6
-4950,4
-4900,4
-4850,3
-4800,6
-4750,3
-4700,6
-4650,6
-4600,3
-4550,6
-4500,11
-4450,24
-4400,15
-4350,18
-4300,5
-4250,3
-4200,4
-4150,3
-4100,2
-4050,3
-4000,1
-3950,4
-3900,2
-3850,6
-3800,3
-3750,4
-3700,4
-3650,4
-3600,2
-3550,6
-3500,3
-3450,6
-3400,3
-3350,4
-3300,5
-3250,6
-3200,3
-3150,4
-3100,4
-3050,4
-3000,6
-2950,5
-2900,4
-2850,7
-2800,6
-2750,3
-2700,3
-2650,3
-2600,4
-2550,6
-2500,5
-2450,3
-2400,3
-2350,2
-2300,6
-2250,4
-2200,3
-2150,5
-2100,8
-2050,11
-2000,9
-1950,5
-1900,13
-1850,18
-1800,20
-1750,26
-1700,39
-1650,108
-1600,206
-1550,287
-1500,318
-1450,186
-1400,129
-1350,83
-1300,40
-1250,39
-1200,14
-1150,22
-1100,11
-1050,17
-1000,16
-950,29
-900,17
-850,17
-800,27
-750,25
-700,33
-650,30
-600,41
-550,42
-500,57
-450,63
-400,92
-350,115
-300,155
-250,308
-200,637
-150,1321
-100,2993
-50,4884
0,2636
50,4275
100,2750
150,1176
200,585
250,281
300,169
350,115
400,86
450,63
500,49
550,42
600,36
650,44
700,37
750,27
800,17
850,16
900,25
950,27
1000,35
1050,8
1100,30
1150,20
1200,19
1250,21
1300,50
1350,78
1400,120
1450,204
1500,321
1550,337
1600,194
1650,81
1700,39
1750,27
1800,13
1850,12
1900,5
1950,5
2000,5
2050,4
2100,6
2150,6
2200,4
2250,2
2300,5
2350,4
2400,5
2450,7
2500,1
2550,6
2600,3
2650,2
2700,6
2750,5
2800,5
2850,9
2900,7
2950,5
3000,5
3050,10
3100,7
3150,6
3200,3
3250,6
3300,7
3350,4
3400,3
3450,5
3500,8
3550,3
3600,7
3650,4
3700,3
3750,3
3800,5
3850,2
3900,5
3950,2
4000,0
4050,4
4100,2
4150,5
4200,3
4250,5
4300,8
4350,14
4400,20
4450,17
4500,11
4550,6
4600,1
4650,2
4700,2
4750,4
4800,1
4850,1
4900,6
4950,3
5000,4
5050,8
5100,5
5150,11
5200,10
5250,12
5300,7
5350,5
5400,6
5450,4
5500,5
5550,3
5600,5
5650,4
5700,3
5750,2
5800,3
5850,0
5900,4
5950,3
6000,3
6050,4
6100,8
6150,2
6200,6
6250,5
6300,5
6350,2
6400,6
6450,5
6500,5
6550,3
6600,2
6650,10
6700,4
6750,3
6800,0
6850,4
6900,5
6950,3
7000,1
7050,2
7100,4
7150,2
7200,3
7250,10
7300,6
7350,11
7400,11
7450,5
7500,6
7550,9
7600,7
7650,3
7700,5
7750,8
7800,2
7850,3
7900,3
7950,4
8000,4
8050,4
8100,12
8150,20
8200,18
8250,14
8300,16
8350,11
8400,1
8450,3
8500,1
8550,3
8600,2
8650,3
8700,2
8750,5
8800,4
8850,4
8900,0
8950,5
9000,2
9050,1
9100,4
9150,5
9200,3
9250,4
9300,3
9350,5
9400,0
9450,3
9500,6
9550,3
9600,2
9650,4
9700,4
9750,3
9800,9
9850,0
9900,5
9950,3
10000,6
10050,5
10100,4
10150,1
10200,3
10250,5
10300,3
10350,4
10400,7
10450,2
10500,7
10550,0
10600,6
10650,9
10700,14
10750,8
10800,12
10850,11
10900,27
10950,55
11000,124
11050,249
11100,354
11150,257
11200,172
11250,126
11300,79
11350,41
11400,29
11450,26
11500,25
11550,27
11600,36
11650,26
11700,27
11750,49
11800,29
11850,50
11900,55
11950,62
12000,66
12050,81
12100,88
12150,112
12200,124
12250,181
12300,269
12350,447
12400,898
12450,2069
12500,4843
12550,11256
12600,22591
12650,26477
12700,16211
12750,7140
12800,3073
12850,1339
12900,635
12950,358
13000,204
13050,143
13100,128
13150,99
13200,100
13250,66
13300,55
13350,63
13400,45
13450,55
13500,30
13550,33
13600,26
13650,29
13700,25
13750,33
13800,17
13850,34
13900,21
13950,64
14000,87
14050,129
14100,233
14150,287
14200,268
14250,171
14300,70
14350,34
14400,15
14450,11
14500,11
14550,10
14600,7
14650,4
14700,9
14750,4
14800,3
14850,4
14900,7
14950,3
15000,3
15050,5
15100,5
15150,4
15200,4
15250,3
15300,5
15350,2
15400,4
15450,4
15500,9
15550,9
15600,7
15650,5
15700,10
15750,4
15800,3
15850,5
15900,0
15950,8
16000,3
16050,1
16100,4
16150,3
16200,1
16250,3
16300,3
16350,4
16400,4
16450,4
16500,1
16550,3
16600,3
16650,2
16700,2
16750,4
16800,5
16850,6
16900,6
16950,6
17000,15
17050,20
17100,14
17150,10
17200,2
17250,3
17300,3
17350,4
17400,2
17450,3
17500,5
17550,4
17600,4
17650,7
17700,7
17750,7
17800,16
17850,18
17900,13
17950,9
18000,11
18050,5
18100,5
18150,4
18200,5
18250,2
18300,0
18350,2
18400,4
18450,1
18500,2
18550,4
18600,5
18650,4
18700,3
18750,3
18800,3
18850,4
18900,3
18950,1
19000,0
19050,4
19100,1
19150,2
19200,6
19250,0
19300,0
19350,3
19400,4
19450,9
19500,4
19550,5
19600,4
19650,2
19700,2
19750,3
19800,6
19850,5
19900,3
19950,8
