[5598.6    5600.1996 5601.7992 5603.3988 5604.9984 5606.598  5608.1976
 5609.7972 5611.3968 5612.9964 5614.596  5616.1956 5617.7952 5619.3948
 5620.9944 5622.594  5624.1936 5625.7932 5627.3928 5628.9924 5630.592
 5632.1916 5633.7912 5635.3908 5636.9904 5638.59   5640.1896 5641.7892
 5643.3888 5644.9884 5646.588  5648.1876 5649.7872 5651.3868 5652.9864
 5654.586  5656.1856 5657.7852 5659.3848 5660.9844 5662.584  5664.1836
 5665.7832 5667.3828 5668.9824 5670.582  5672.1816 5673.7812 5675.3808
 5676.9804 5678.58   5680.1796 5681.7792 5683.3788 5684.9784 5686.578
 5688.1776 5689.7772 5691.3768 5692.9764 5694.576  5696.1756 5697.7752
 5699.3748 5700.9744 5702.574  5704.1736 5705.7732 5707.3728 5708.9724
 5710.572  5712.1716 5713.7712 5715.3708 5716.9704 5718.57   5720.1696
 5721.7692 5723.3688 5724.9684 5726.568  5728.1676 5729.7672 5731.3668
 5732.9664 5734.566  5736.1656 5737.7652 5739.3648 5740.9644 5742.564
 5744.1636 5745.7632 5747.3628 5748.9624 5750.562  5752.1616 5753.7612
 5755.3608 5756.9604 5758.56   5760.1596 5761.7592 5763.3588 5764.9584
 5766.558  5768.1576 5769.7572 5771.3568 5772.9564 5774.556  5776.1556
 5777.7552 5779.3548 5780.9544 5782.554  5784.1536 5785.7532 5787.3528
 5788.9524 5790.552  5792.1516 5793.7512 5795.3508 5796.9504 5798.55
 5800.1496 5801.7492 5803.3488 5804.9484 5806.548  5808.1476 5809.7472
 5811.3468 5812.9464 5814.546  5816.1456 5817.7452 5819.3448 5820.9444
 5822.544  5824.1436 5825.7432 5827.3428 5828.9424 5830.542  5832.1416
 5833.7412 5835.3408 5836.9404 5838.54   5840.1396 5841.7392 5843.3388
 5844.9384 5846.538  5848.1376 5849.7372 5851.3368 5852.9364 5854.536
 5856.1356 5857.7352 5859.3348 5860.9344 5862.534  5864.1336 5865.7332
 5867.3328 5868.9324 5870.532  5872.1316 5873.7312 5875.3308 5876.9304
 5878.53   5880.1296 5881.7292 5883.3288 5884.9284 5886.528  5888.1276
 5889.7272 5891.3268 5892.9264 5894.526  5896.1256 5897.7252 5899.3248
 5900.9244 5902.524  5904.1236 5905.7232 5907.3228 5908.9224 5910.522
 5912.1216 5913.7212 5915.3208 5916.9204 5918.52   5920.1196 5921.7192
 5923.3188 5924.9184 5926.518  5928.1176 5929.7172 5931.3168 5932.9164
 5934.516  5936.1156 5937.7152 5939.3148 5940.9144 5942.514  5944.1136
 5945.7132 5947.3128 5948.9124 5950.512  5952.1116 5953.7112 5955.3108
 5956.9104 5958.51   5960.1096 5961.7092 5963.3088 5964.9084 5966.508
 5968.1076 5969.7072 5971.3068 5972.9064 5974.506  5976.1056 5977.7052
 5979.3048 5980.9044 5982.504  5984.1036 5985.7032 5987.3028 5988.9024
 5990.502  5992.1016 5993.7012 5995.3008 5996.9004 5998.5    6000.0996
 6001.6992 6003.2988 6004.8984 6006.498  6008.0976 6009.6972 6011.2968
 6012.8964 6014.496  6016.0956 6017.6952 6019.2948 6020.8944 6022.494
 6024.0936 6025.6932 6027.2928 6028.8924 6030.492  6032.0916 6033.6912
 6035.2908 6036.8904 6038.49   6040.0896 6041.6892 6043.2888 6044.8884
 6046.488  6048.0876 6049.6872 6051.2868 6052.8864 6054.486  6056.0856
 6057.6852 6059.2848 6060.8844 6062.484  6064.0836 6065.6832 6067.2828
 6068.8824 6070.482  6072.0816 6073.6812 6075.2808 6076.8804 6078.48
 6080.0796 6081.6792 6083.2788 6084.8784 6086.478  6088.0776 6089.6772
 6091.2768 6092.8764 6094.476  6096.0756 6097.6752 6099.2748 6100.8744
 6102.474  6104.0736 6105.6732 6107.2728 6108.8724 6110.472  6112.0716
 6113.6712 6115.2708 6116.8704 6118.47   6120.0696 6121.6692 6123.2688
 6124.8684 6126.468  6128.0676 6129.6672 6131.2668 6132.8664 6134.466
 6136.0656 6137.6652 6139.2648 6140.8644 6142.464  6144.0636 6145.6632
 6147.2628 6148.8624 6150.462  6152.0616 6153.6612 6155.2608 6156.8604
 6158.46   6160.0596 6161.6592 6163.2588 6164.8584 6166.458  6168.0576
 6169.6572 6171.2568 6172.8564 6174.456  6176.0556 6177.6552 6179.2548
 6180.8544 6182.454  6184.0536 6185.6532 6187.2528 6188.8524 6190.452
 6192.0516 6193.6512 6195.2508 6196.8504 6198.45   6200.0496 6201.6492
 6203.2488 6204.8484 6206.448  6208.0476 6209.6472 6211.2468 6212.8464
 6214.446  6216.0456 6217.6452 6219.2448 6220.8444 6222.444  6224.0436
 6225.6432 6227.2428 6228.8424 6230.442  6232.0416 6233.6412 6235.2408
 6236.8404 6238.44   6240.0396 6241.6392 6243.2388 6244.8384 6246.438
 6248.0376 6249.6372 6251.2368 6252.8364 6254.436  6256.0356 6257.6352
 6259.2348 6260.8344 6262.434  6264.0336 6265.6332 6267.2328 6268.8324
 6270.432  6272.0316 6273.6312 6275.2308 6276.8304 6278.43   6280.0296
 6281.6292 6283.2288 6284.8284 6286.428  6288.0276 6289.6272 6291.2268
 6292.8264 6294.426  6296.0256 6297.6252 6299.2248 6300.8244 6302.424
 6304.0236 6305.6232 6307.2228 6308.8224 6310.422  6312.0216 6313.6212
 6315.2208 6316.8204 6318.42   6320.0196 6321.6192 6323.2188 6324.8184
 6326.418  6328.0176 6329.6172 6331.2168 6332.8164 6334.416  6336.0156
 6337.6152 6339.2148 6340.8144 6342.414  6344.0136 6345.6132 6347.2128
 6348.8124 6350.412  6352.0116 6353.6112 6355.2108 6356.8104 6358.41
 6360.0096 6361.6092 6363.2088 6364.8084 6366.408  6368.0076 6369.6072
 6371.2068 6372.8064 6374.406  6376.0056 6377.6052 6379.2048 6380.8044
 6382.404  6384.0036 6385.6032 6387.2028 6388.8024 6390.402  6392.0016
 6393.6012 6395.2008 6396.8004 6398.4    6399.9996 6401.5992 6403.1988
 6404.7984 6406.398  6407.9976 6409.5972 6411.1968 6412.7964 6414.396
 6415.9956 6417.5952 6419.1948 6420.7944 6422.394  6423.9936 6425.5932
 6427.1928 6428.7924 6430.392  6431.9916 6433.5912 6435.1908 6436.7904
 6438.39   6439.9896 6441.5892 6443.1888 6444.7884 6446.388  6447.9876
 6449.5872 6451.1868 6452.7864 6454.386  6455.9856 6457.5852 6459.1848
 6460.7844 6462.384  6463.9836 6465.5832 6467.1828 6468.7824 6470.382
 6471.9816 6473.5812 6475.1808 6476.7804 6478.38   6479.9796 6481.5792
 6483.1788 6484.7784 6486.378  6487.9776 6489.5772 6491.1768 6492.7764
 6494.376  6495.9756 6497.5752 6499.1748 6500.7744 6502.374  6503.9736
 6505.5732 6507.1728 6508.7724 6510.372  6511.9716 6513.5712 6515.1708
 6516.7704 6518.37   6519.9696 6521.5692 6523.1688 6524.7684 6526.368
 6527.9676 6529.5672 6531.1668 6532.7664 6534.366  6535.9656 6537.5652
 6539.1648 6540.7644 6542.364  6543.9636 6545.5632 6547.1628 6548.7624
 6550.362  6551.9616 6553.5612 6555.1608 6556.7604 6558.36   6559.9596
 6561.5592 6563.1588 6564.7584 6566.358  6567.9576 6569.5572 6571.1568
 6572.7564 6574.356  6575.9556 6577.5552 6579.1548 6580.7544 6582.354
 6583.9536 6585.5532 6587.1528 6588.7524 6590.352  6591.9516 6593.5512
 6595.1508 6596.7504 6598.35   6599.9496 6601.5492 6603.1488 6604.7484
 6606.348  6607.9476 6609.5472 6611.1468 6612.7464 6614.346  6615.9456
 6617.5452 6619.1448 6620.7444 6622.344  6623.9436 6625.5432 6627.1428
 6628.7424 6630.342  6631.9416 6633.5412 6635.1408 6636.7404 6638.34
 6639.9396 6641.5392 6643.1388 6644.7384 6646.338  6647.9376 6649.5372
 6651.1368 6652.7364 6654.336  6655.9356 6657.5352 6659.1348 6660.7344
 6662.334  6663.9336 6665.5332 6667.1328 6668.7324 6670.332  6671.9316
 6673.5312 6675.1308 6676.7304 6678.33   6679.9296 6681.5292 6683.1288
 6684.7284 6686.328  6687.9276 6689.5272 6691.1268 6692.7264 6694.326
 6695.9256 6697.5252 6699.1248 6700.7244 6702.324  6703.9236 6705.5232
 6707.1228 6708.7224 6710.322  6711.9216 6713.5212 6715.1208 6716.7204
 6718.32   6719.9196 6721.5192 6723.1188 6724.7184 6726.318  6727.9176
 6729.5172 6731.1168 6732.7164 6734.316  6735.9156 6737.5152 6739.1148
 6740.7144 6742.314  6743.9136 6745.5132 6747.1128 6748.7124 6750.312
 6751.9116 6753.5112 6755.1108 6756.7104 6758.31   6759.9096 6761.5092
 6763.1088 6764.7084 6766.308  6767.9076 6769.5072 6771.1068 6772.7064
 6774.306  6775.9056 6777.5052 6779.1048 6780.7044 6782.304  6783.9036
 6785.5032 6787.1028 6788.7024 6790.302  6791.9016 6793.5012 6795.1008
 6796.7004 6798.3    6799.8996 6801.4992 6803.0988 6804.6984 6806.298
 6807.8976 6809.4972 6811.0968 6812.6964 6814.296  6815.8956 6817.4952
 6819.0948 6820.6944 6822.294  6823.8936 6825.4932 6827.0928 6828.6924
 6830.292  6831.8916 6833.4912 6835.0908 6836.6904 6838.29   6839.8896
 6841.4892 6843.0888 6844.6884 6846.288  6847.8876 6849.4872 6851.0868
 6852.6864 6854.286  6855.8856 6857.4852 6859.0848 6860.6844 6862.284
 6863.8836 6865.4832 6867.0828 6868.6824 6870.282  6871.8816 6873.4812
 6875.0808 6876.6804 6878.28   6879.8796 6881.4792 6883.0788 6884.6784
 6886.278  6887.8776 6889.4772 6891.0768 6892.6764 6894.276  6895.8756
 6897.4752 6899.0748 6900.6744 6902.274  6903.8736 6905.4732 6907.0728
 6908.6724 6910.272  6911.8716 6913.4712 6915.0708 6916.6704 6918.27
 6919.8696 6921.4692 6923.0688 6924.6684 6926.268  6927.8676 6929.4672
 6931.0668 6932.6664 6934.266  6935.8656 6937.4652 6939.0648 6940.6644
 6942.264  6943.8636 6945.4632 6947.0628 6948.6624 6950.262  6951.8616
 6953.4612 6955.0608 6956.6604 6958.26   6959.8596 6961.4592 6963.0588
 6964.6584 6966.258  6967.8576 6969.4572 6971.0568 6972.6564 6974.256
 6975.8556 6977.4552 6979.0548 6980.6544 6982.254  6983.8536 6985.4532
 6987.0528 6988.6524 6990.252  6991.8516 6993.4512 6995.0508 6996.6504
 6998.25   6999.8496 7001.4492 7003.0488 7004.6484 7006.248  7007.8476
 7009.4472 7011.0468 7012.6464 7014.246  7015.8456 7017.4452 7019.0448
 7020.6444 7022.244  7023.8436 7025.4432 7027.0428 7028.6424 7030.242
 7031.8416 7033.4412 7035.0408 7036.6404 7038.24   7039.8396 7041.4392
 7043.0388 7044.6384 7046.238  7047.8376 7049.4372 7051.0368 7052.6364
 7054.236  7055.8356 7057.4352 7059.0348 7060.6344 7062.234  7063.8336
 7065.4332 7067.0328 7068.6324 7070.232  7071.8316 7073.4312 7075.0308
 7076.6304 7078.23   7079.8296 7081.4292 7083.0288 7084.6284 7086.228
 7087.8276 7089.4272 7091.0268 7092.6264 7094.226  7095.8256 7097.4252
 7099.0248 7100.6244 7102.224  7103.8236 7105.4232 7107.0228 7108.6224
 7110.222  7111.8216 7113.4212 7115.0208 7116.6204 7118.22   7119.8196
 7121.4192 7123.0188 7124.6184 7126.218  7127.8176 7129.4172 7131.0168
 7132.6164 7134.216  7135.8156 7137.4152 7139.0148 7140.6144 7142.214
 7143.8136 7145.4132 7147.0128 7148.6124 7150.212  7151.8116 7153.4112
 7155.0108 7156.6104 7158.21   7159.8096 7161.4092 7163.0088 7164.6084
 7166.208  7167.8076 7169.4072 7171.0068 7172.6064 7174.206  7175.8056
 7177.4052 7179.0048 7180.6044 7182.204  7183.8036 7185.4032 7187.0028
 7188.6024 7190.202  7191.8016 7193.4012 7195.0008 7196.6004]
[['00', '01', '10', '11'], ['00', 1.0, 0.0, 0.0, 0.0], ['01', 0.0, 1.0, 0.0, 0.0], ['10', 0.0, 0.0, 0.49138242842448665, 0.5086175715755135], ['11', 0.0, 0.0, 0.5086175715755135, 0.4913824284244865]]