Time(ps),Counts
-20000,9
-19950,12
-19900,5
-19850,5
-19800,3
-19750,3
-19700,1
-19650,4
-19600,0
-19550,1
-19500,5
-19450,4
-19400,2
-19350,5
-19300,5
-19250,5
-19200,5
-19150,5
-19100,2
-19050,4
-19000,4
-18950,5
-18900,5
-18850,2
-18800,5
-18750,7
-18700,4
-18650,1
-18600,5
-18550,3
-18500,2
-18450,2
-18400,1
-18350,3
-18300,3
-18250,3
-18200,1
-18150,5
-18100,6
-18050,5
-18000,10
-17950,6
-17900,16
-17850,10
-17800,9
-17750,6
-17700,6
-17650,7
-17600,5
-17550,3
-17500,4
-17450,1
-17400,3
-17350,4
-17300,3
-17250,8
-17200,10
-17150,9
-17100,23
-17050,17
-17000,14
-16950,6
-16900,4
-16850,4
-16800,4
-16750,5
-16700,5
-16650,4
-16600,4
-16550,4
-16500,6
-16450,7
-16400,0
-16350,4
-16300,4
-16250,4
-16200,4
-16150,7
-16100,4
-16050,3
-16000,4
-15950,1
-15900,4
-15850,4
-15800,4
-15750,5
-15700,4
-15650,3
-15600,3
-15550,6
-15500,2
-15450,6
-15400,5
-15350,3
-15300,1
-15250,4
-15200,6
-15150,4
-15100,4
-15050,6
-15000,4
-14950,6
-14900,5
-14850,5
-14800,7
-14750,10
-14700,6
-14650,6
-14600,4
-14550,7
-14500,11
-14450,8
-14400,22
-14350,25
-14300,60
-14250,173
-14200,348
-14150,373
-14100,229
-14050,169
-14000,104
-13950,62
-13900,39
-13850,25
-13800,22
-13750,22
-13700,26
-13650,29
-13600,38
-13550,40
-13500,39
-13450,56
-13400,47
-13350,60
-13300,61
-13250,69
-13200,74
-13150,111
-13100,147
-13050,155
-13000,200
-12950,374
-12900,628
-12850,1242
-12800,3016
-12750,7030
-12700,16497
-12650,31032
-12600,25381
-12550,11124
-12500,4772
-12450,2034
-12400,841
-12350,474
-12300,288
-12250,190
-12200,131
-12150,98
-12100,110
-12050,79
-12000,80
-11950,56
-11900,60
-11850,41
-11800,40
-11750,23
-11700,33
-11650,30
-11600,28
-11550,24
-11500,17
-11450,25
-11400,31
-11350,41
-11300,65
-11250,131
-11200,191
-11150,353
-11100,414
-11050,280
-11000,104
-10950,39
-10900,33
-10850,10
-10800,10
-10750,8
-10700,10
-10650,4
-10600,8
-10550,6
-10500,5
-10450,5
-10400,4
-10350,4
-10300,3
-10250,3
-10200,4
-10150,3
-10100,4
-10050,7
-10000,5
-9950,7
-9900,7
-9850,10
-9800,6
-9750,13
-9700,10
-9650,2
-9600,5
-9550,5
-9500,6
-9450,3
-9400,1
-9350,4
-9300,1
-9250,3
-9200,4
-9150,2
-9100,6
-9050,2
-9000,3
-8950,1
-8900,4
-8850,3
-8800,3
-8750,4
-8700,2
-8650,5
-8600,10
-8550,7
-8500,3
-8450,4
-8400,6
-8350,7
-8300,13
-8250,17
-8200,23
-8150,13
-8100,7
-8050,0
-8000,1
-7950,4
-7900,1
-7850,2
-7800,6
-7750,6
-7700,4
-7650,3
-7600,6
-7550,7
-7500,11
-7450,15
-7400,17
-7350,16
-7300,5
-7250,5
-7200,5
-7150,5
-7100,5
-7050,3
-7000,5
-6950,8
-6900,5
-6850,3
-6800,4
-6750,2
-6700,2
-6650,5
-6600,5
-6550,5
-6500,5
-6450,1
-6400,2
-6350,5
-6300,5
-6250,7
-6200,5
-6150,4
-6100,2
-6050,5
-6000,6
-5950,3
-5900,4
-5850,0
-5800,3
-5750,1
-5700,6
-5650,8
-5600,5
-5550,2
-5500,3
-5450,6
-5400,8
-5350,7
-5300,12
-5250,14
-5200,12
-5150,14
-5100,9
-5050,8
-5000,4
-4950,6
-4900,2
-4850,2
-4800,4
-4750,1
-4700,1
-4650,3
-4600,6
-4550,8
-4500,12
-4450,24
-4400,20
-4350,11
-4300,12
-4250,1
-4200,7
-4150,2
-4100,3
-4050,3
-4000,3
-3950,3
-3900,4
-3850,3
-3800,6
-3750,6
-3700,3
-3650,3
-3600,0
-3550,4
-3500,3
-3450,2
-3400,4
-3350,3
-3300,5
-3250,0
-3200,2
-3150,7
-3100,9
-3050,7
-3000,8
-2950,8
-2900,7
-2850,6
-2800,9
-2750,7
-2700,6
-2650,7
-2600,5
-2550,5
-2500,4
-2450,8
-2400,3
-2350,5
-2300,4
-2250,9
-2200,5
-2150,12
-2100,9
-2050,9
-2000,9
-1950,9
-1900,13
-1850,12
-1800,13
-1750,29
-1700,38
-1650,93
-1600,180
-1550,381
-1500,366
-1450,170
-1400,139
-1350,74
-1300,43
-1250,30
-1200,25
-1150,15
-1100,14
-1050,20
-1000,25
-950,31
-900,27
-850,21
-800,27
-750,29
-700,40
-650,39
-600,54
-550,45
-500,71
-450,49
-400,80
-350,95
-300,104
-250,159
-200,213
-150,344
-100,597
-50,1024
0,753
50,826
100,527
150,279
200,221
250,141
300,114
350,98
400,66
450,75
500,68
550,50
600,43
650,39
700,23
750,23
800,34
850,27
900,15
950,21
1000,24
1050,14
1100,21
1150,20
1200,24
1250,30
1300,47
1350,83
1400,130
1450,212
1500,358
1550,382
1600,215
1650,91
1700,39
1750,13
1800,9
1850,12
1900,8
1950,6
2000,3
2050,5
2100,4
2150,9
2200,5
2250,6
2300,7
2350,3
2400,10
2450,4
2500,8
2550,3
2600,3
2650,5
2700,9
2750,6
2800,4
2850,5
2900,5
2950,4
3000,6
3050,7
3100,5
3150,6
3200,3
3250,3
3300,6
3350,4
3400,1
3450,4
3500,2
3550,2
3600,5
3650,6
3700,6
3750,4
3800,11
3850,3
3900,1
3950,2
4000,5
4050,4
4100,3
4150,4
4200,3
4250,1
4300,10
4350,23
4400,25
4450,25
4500,13
4550,11
4600,8
4650,7
4700,4
4750,4
4800,10
4850,2
4900,2
4950,5
5000,7
5050,8
5100,5
5150,13
5200,16
5250,10
5300,14
5350,16
5400,4
5450,4
5500,1
5550,0
5600,3
5650,4
5700,1
5750,5
5800,3
5850,8
5900,7
5950,6
6000,3
6050,6
6100,4
6150,4
6200,3
6250,3
6300,3
6350,6
6400,2
6450,3
6500,3
6550,3
6600,2
6650,2
6700,3
6750,7
6800,3
6850,5
6900,3
6950,4
7000,3
7050,4
7100,3
7150,7
7200,4
7250,8
7300,6
7350,14
7400,16
7450,10
7500,13
7550,15
7600,6
7650,5
7700,7
7750,5
7800,5
7850,3
7900,3
7950,9
8000,5
8050,6
8100,6
8150,11
8200,16
8250,17
8300,13
8350,6
8400,2
8450,6
8500,8
8550,5
8600,1
8650,0
8700,3
8750,5
8800,6
8850,4
8900,4
8950,6
9000,4
9050,1
9100,2
9150,6
9200,4
9250,5
9300,4
9350,6
9400,8
9450,6
9500,8
9550,8
9600,5
9650,10
9700,2
9750,11
9800,6
9850,2
9900,3
9950,6
10000,1
10050,4
10100,1
10150,2
10200,5
10250,8
10300,1
10350,4
10400,5
10450,7
10500,6
10550,7
10600,7
10650,7
10700,5
10750,12
10800,13
10850,12
10900,24
10950,44
11000,122
11050,246
11100,436
11150,354
11200,193
11250,113
11300,90
11350,37
11400,37
11450,33
11500,19
11550,26
11600,31
11650,34
11700,35
11750,42
11800,37
11850,39
11900,59
11950,48
12000,60
12050,81
12100,91
12150,126
12200,128
12250,170
12300,294
12350,451
12400,788
12450,2028
12500,4490
12550,10650
12600,24273
12650,31415
12700,17089
12750,7192
12800,3135
12850,1340
12900,593
12950,409
13000,244
13050,170
13100,132
13150,101
13200,92
13250,73
13300,74
13350,65
13400,52
13450,48
13500,43
13550,45
13600,30
13650,29
13700,26
13750,21
13800,21
13850,28
13900,47
13950,63
14000,104
14050,162
14100,241
14150,394
14200,347
14250,153
14300,88
14350,36
14400,23
14450,15
14500,6
14550,7
14600,8
14650,7
14700,6
14750,8
14800,3
14850,6
14900,5
14950,5
15000,3
15050,5
15100,4
15150,4
15200,2
15250,6
15300,4
15350,7
15400,8
15450,8
15500,5
15550,3
15600,7
15650,10
15700,4
15750,4
15800,2
15850,5
15900,7
15950,4
16000,3
16050,5
16100,1
16150,3
16200,2
16250,3
16300,2
16350,4
16400,3
16450,6
16500,4
16550,5
16600,6
16650,3
16700,3
16750,2
16800,2
16850,2
16900,4
16950,9
17000,12
17050,17
17100,13
17150,9
17200,5
17250,3
17300,3
17350,7
17400,2
17450,8
17500,4
17550,3
17600,3
17650,4
17700,7
17750,9
17800,5
17850,11
17900,20
17950,14
18000,5
18050,8
18100,3
18150,2
18200,3
18250,4
18300,4
18350,6
18400,4
18450,2
18500,3
18550,4
18600,6
18650,4
18700,3
18750,7
18800,8
18850,1
18900,3
18950,6
19000,4
19050,9
19100,4
19150,4
19200,5
19250,6
19300,5
19350,7
19400,2
19450,4
19500,2
19550,5
19600,4
19650,5
19700,1
19750,6
19800,7
19850,9
19900,5
19950,3
