Time(ps),Counts
-20000,89
-19950,61
-19900,52
-19850,44
-19800,38
-19750,38
-19700,33
-19650,41
-19600,70
-19550,96
-19500,113
-19450,89
-19400,92
-19350,70
-19300,64
-19250,52
-19200,44
-19150,47
-19100,34
-19050,42
-19000,35
-18950,27
-18900,41
-18850,41
-18800,22
-18750,28
-18700,31
-18650,51
-18600,46
-18550,58
-18500,83
-18450,113
-18400,106
-18350,84
-18300,55
-18250,56
-18200,37
-18150,41
-18100,34
-18050,39
-18000,47
-17950,65
-17900,77
-17850,77
-17800,71
-17750,68
-17700,46
-17650,51
-17600,37
-17550,32
-17500,20
-17450,36
-17400,28
-17350,32
-17300,25
-17250,24
-17200,56
-17150,69
-17100,122
-17050,121
-17000,88
-16950,57
-16900,32
-16850,36
-16800,26
-16750,29
-16700,27
-16650,24
-16600,37
-16550,26
-16500,27
-16450,30
-16400,31
-16350,20
-16300,36
-16250,24
-16200,31
-16150,32
-16100,28
-16050,26
-16000,24
-15950,37
-15900,26
-15850,29
-15800,28
-15750,37
-15700,42
-15650,40
-15600,42
-15550,41
-15500,43
-15450,41
-15400,42
-15350,41
-15300,24
-15250,36
-15200,32
-15150,40
-15100,42
-15050,43
-15000,41
-14950,50
-14900,60
-14850,51
-14800,50
-14750,54
-14700,49
-14650,58
-14600,66
-14550,73
-14500,91
-14450,97
-14400,173
-14350,308
-14300,530
-14250,1210
-14200,2554
-14150,2761
-14100,1667
-14050,1264
-14000,914
-13950,531
-13900,289
-13850,213
-13800,179
-13750,182
-13700,200
-13650,240
-13600,282
-13550,288
-13500,312
-13450,344
-13400,423
-13350,462
-13300,529
-13250,560
-13200,674
-13150,848
-13100,1020
-13050,1246
-13000,1524
-12950,2379
-12900,4134
-12850,7712
-12800,16822
-12750,41462
-12700,97637
-12650,177065
-12600,148543
-12550,68565
-12500,27743
-12450,11837
-12400,5760
-12350,3194
-12300,1822
-12250,1392
-12200,1119
-12150,932
-12100,801
-12050,703
-12000,592
-11950,480
-11900,440
-11850,384
-11800,339
-11750,274
-11700,274
-11650,257
-11600,222
-11550,181
-11500,165
-11450,185
-11400,246
-11350,382
-11300,643
-11250,1076
-11200,1395
-11150,2290
-11100,2928
-11050,1933
-11000,891
-10950,412
-10900,219
-10850,130
-10800,69
-10750,76
-10700,63
-10650,53
-10600,50
-10550,42
-10500,50
-10450,45
-10400,34
-10350,39
-10300,33
-10250,28
-10200,31
-10150,33
-10100,34
-10050,36
-10000,33
-9950,33
-9900,42
-9850,45
-9800,37
-9750,51
-9700,40
-9650,41
-9600,48
-9550,48
-9500,36
-9450,39
-9400,23
-9350,30
-9300,17
-9250,22
-9200,20
-9150,27
-9100,27
-9050,28
-9000,20
-8950,39
-8900,32
-8850,27
-8800,31
-8750,36
-8700,31
-8650,36
-8600,30
-8550,26
-8500,36
-8450,25
-8400,29
-8350,47
-8300,57
-8250,127
-8200,148
-8150,112
-8100,54
-8050,38
-8000,39
-7950,34
-7900,31
-7850,43
-7800,35
-7750,30
-7700,30
-7650,33
-7600,45
-7550,51
-7500,73
-7450,97
-7400,89
-7350,61
-7300,59
-7250,49
-7200,39
-7150,31
-7100,37
-7050,40
-7000,53
-6950,68
-6900,93
-6850,113
-6800,109
-6750,84
-6700,63
-6650,58
-6600,47
-6550,27
-6500,28
-6450,34
-6400,24
-6350,41
-6300,37
-6250,31
-6200,28
-6150,35
-6100,41
-6050,36
-6000,35
-5950,46
-5900,80
-5850,89
-5800,94
-5750,95
-5700,81
-5650,60
-5600,39
-5550,45
-5500,38
-5450,38
-5400,45
-5350,57
-5300,70
-5250,94
-5200,90
-5150,60
-5100,52
-5050,46
-5000,27
-4950,20
-4900,22
-4850,23
-4800,20
-4750,36
-4700,21
-4650,36
-4600,33
-4550,54
-4500,86
-4450,146
-4400,134
-4350,102
-4300,51
-4250,33
-4200,33
-4150,26
-4100,36
-4050,36
-4000,24
-3950,28
-3900,32
-3850,30
-3800,20
-3750,32
-3700,29
-3650,21
-3600,37
-3550,30
-3500,38
-3450,22
-3400,27
-3350,30
-3300,23
-3250,25
-3200,27
-3150,23
-3100,43
-3050,44
-3000,39
-2950,47
-2900,52
-2850,47
-2800,49
-2750,29
-2700,43
-2650,35
-2600,35
-2550,35
-2500,35
-2450,43
-2400,44
-2350,40
-2300,39
-2250,56
-2200,41
-2150,41
-2100,50
-2050,59
-2000,56
-1950,62
-1900,60
-1850,91
-1800,98
-1750,153
-1700,294
-1650,632
-1600,1391
-1550,2659
-1500,2449
-1450,1452
-1400,1195
-1350,745
-1300,456
-1250,209
-1200,134
-1150,130
-1100,128
-1050,143
-1000,163
-950,156
-900,141
-850,170
-800,190
-750,180
-700,234
-650,258
-600,300
-550,349
-500,384
-450,422
-400,484
-350,599
-300,723
-250,854
-200,1065
-150,1495
-100,2181
-50,3075
0,2425
50,2554
100,2034
150,1450
200,1092
250,855
300,656
350,620
400,494
450,454
500,344
550,330
600,303
650,239
700,247
750,202
800,186
850,173
900,144
950,126
1000,171
1050,145
1100,127
1150,110
1200,138
1250,238
1300,390
1350,707
1400,1171
1450,1414
1500,2428
1550,2729
1600,1471
1650,607
1700,325
1750,148
1800,95
1850,70
1900,61
1950,49
2000,45
2050,41
2100,45
2150,37
2200,29
2250,34
2300,28
2350,26
2400,34
2450,39
2500,30
2550,30
2600,28
2650,29
2700,40
2750,36
2800,48
2850,52
2900,43
2950,54
3000,40
3050,43
3100,42
3150,33
3200,35
3250,34
3300,34
3350,22
3400,30
3450,19
3500,28
3550,21
3600,27
3650,20
3700,34
3750,32
3800,30
3850,26
3900,27
3950,21
4000,30
4050,34
4100,28
4150,28
4200,25
4250,43
4300,56
4350,86
4400,153
4450,130
4500,92
4550,46
4600,30
4650,27
4700,23
4750,27
4800,22
4850,28
4900,32
4950,37
5000,35
5050,41
5100,50
5150,79
5200,93
5250,79
5300,79
5350,66
5400,49
5450,46
5500,36
5550,37
5600,49
5650,50
5700,82
5750,104
5800,121
5850,90
5900,82
5950,70
6000,52
6050,40
6100,37
6150,32
6200,41
6250,41
6300,36
6350,31
6400,29
6450,30
6500,32
6550,29
6600,45
6650,56
6700,68
6750,83
6800,100
6850,114
6900,87
6950,80
7000,70
7050,52
7100,39
7150,52
7200,42
7250,58
7300,58
7350,93
7400,66
7450,79
7500,71
7550,54
7600,43
7650,35
7700,23
7750,34
7800,26
7850,24
7900,29
7950,32
8000,30
8050,38
8100,55
8150,90
8200,127
8250,116
8300,68
8350,55
8400,42
8450,29
8500,31
8550,27
8600,27
8650,31
8700,35
8750,27
8800,26
8850,22
8900,29
8950,24
9000,29
9050,22
9100,29
9150,34
9200,29
9250,21
9300,17
9350,32
9400,26
9450,23
9500,40
9550,35
9600,53
9650,43
9700,50
9750,38
9800,42
9850,37
9900,33
9950,38
10000,27
10050,51
10100,37
10150,38
10200,31
10250,30
10300,25
10350,35
10400,34
10450,32
10500,44
10550,51
10600,43
10650,56
10700,64
10750,73
10800,86
10850,124
10900,195
10950,382
11000,875
11050,1841
11100,2907
11150,2315
11200,1402
11250,1153
11300,674
11350,328
11400,241
11450,181
11500,183
11550,208
11600,208
11650,275
11700,281
11750,307
11800,373
11850,405
11900,422
11950,430
12000,594
12050,660
12100,700
12150,934
12200,1069
12250,1351
12300,1888
12350,3007
12400,5476
12450,11084
12500,26310
12550,64798
12600,142600
12650,178614
12700,101394
12750,42853
12800,17757
12850,7984
12900,4147
12950,2352
13000,1573
13050,1243
13100,979
13150,798
13200,718
13250,593
13300,562
13350,493
13400,394
13450,386
13500,339
13550,284
13600,266
13650,255
13700,204
13750,198
13800,166
13850,196
13900,270
13950,467
14000,915
14050,1273
14100,1766
14150,2746
14200,2572
14250,1233
14300,544
14350,290
14400,158
14450,108
14500,83
14550,77
14600,57
14650,65
14700,41
14750,53
14800,38
14850,38
14900,35
14950,33
15000,30
15050,44
15100,43
15150,42
15200,47
15250,39
15300,37
15350,36
15400,49
15450,43
15500,48
15550,52
15600,45
15650,37
15700,46
15750,43
15800,37
15850,30
15900,32
15950,31
16000,35
16050,28
16100,27
16150,19
16200,31
16250,33
16300,33
16350,17
16400,24
16450,30
16500,27
16550,39
16600,26
16650,31
16700,25
16750,18
16800,31
16850,30
16900,33
16950,51
17000,81
17050,117
17100,121
17150,63
17200,38
17250,26
17300,32
17350,28
17400,18
17450,29
17500,33
17550,39
17600,33
17650,39
17700,49
17750,72
17800,72
17850,73
17900,69
17950,58
18000,54
18050,45
18100,28
18150,31
18200,47
18250,35
18300,52
18350,85
18400,111
18450,117
18500,76
18550,76
18600,69
18650,43
18700,33
18750,42
18800,37
18850,34
18900,33
18950,37
19000,34
19050,29
19100,30
19150,30
19200,37
19250,37
19300,42
19350,74
19400,92
19450,94
19500,100
19550,97
19600,71
19650,44
19700,42
19750,35
19800,39
19850,38
19900,58
19950,55
