Time(ps),Counts
-20000,9
-19950,16
-19900,3
-19850,8
-19800,3
-19750,2
-19700,5
-19650,6
-19600,1
-19550,3
-19500,5
-19450,5
-19400,2
-19350,4
-19300,3
-19250,2
-19200,3
-19150,4
-19100,7
-19050,8
-19000,7
-18950,4
-18900,3
-18850,2
-18800,3
-18750,3
-18700,4
-18650,5
-18600,6
-18550,5
-18500,2
-18450,5
-18400,5
-18350,2
-18300,4
-18250,3
-18200,6
-18150,3
-18100,3
-18050,6
-18000,11
-17950,7
-17900,10
-17850,6
-17800,12
-17750,9
-17700,4
-17650,4
-17600,8
-17550,3
-17500,5
-17450,2
-17400,2
-17350,1
-17300,2
-17250,7
-17200,6
-17150,15
-17100,16
-17050,15
-17000,9
-16950,13
-16900,4
-16850,6
-16800,0
-16750,4
-16700,2
-16650,2
-16600,3
-16550,3
-16500,5
-16450,5
-16400,2
-16350,2
-16300,2
-16250,3
-16200,0
-16150,2
-16100,4
-16050,3
-16000,5
-15950,2
-15900,5
-15850,5
-15800,6
-15750,2
-15700,6
-15650,7
-15600,10
-15550,7
-15500,11
-15450,6
-15400,5
-15350,5
-15300,4
-15250,5
-15200,1
-15150,6
-15100,3
-15050,4
-15000,6
-14950,6
-14900,7
-14850,4
-14800,4
-14750,10
-14700,14
-14650,8
-14600,16
-14550,9
-14500,9
-14450,19
-14400,20
-14350,35
-14300,88
-14250,202
-14200,304
-14150,291
-14100,237
-14050,154
-14000,98
-13950,65
-13900,38
-13850,40
-13800,26
-13750,27
-13700,31
-13650,25
-13600,26
-13550,29
-13500,34
-13450,39
-13400,57
-13350,69
-13300,58
-13250,75
-13200,76
-13150,91
-13100,127
-13050,160
-13000,239
-12950,348
-12900,718
-12850,1574
-12800,3777
-12750,8399
-12700,17504
-12650,24798
-12600,22086
-12550,13314
-12500,5844
-12450,2476
-12400,1063
-12350,510
-12300,293
-12250,205
-12200,155
-12150,114
-12100,109
-12050,81
-12000,71
-11950,53
-11900,55
-11850,50
-11800,42
-11750,37
-11700,28
-11650,38
-11600,25
-11550,31
-11500,23
-11450,24
-11400,20
-11350,48
-11300,81
-11250,129
-11200,163
-11150,323
-11100,355
-11050,277
-11000,129
-10950,68
-10900,29
-10850,22
-10800,10
-10750,8
-10700,5
-10650,4
-10600,4
-10550,7
-10500,8
-10450,6
-10400,5
-10350,3
-10300,4
-10250,1
-10200,5
-10150,4
-10100,6
-10050,5
-10000,7
-9950,3
-9900,4
-9850,4
-9800,8
-9750,7
-9700,11
-9650,3
-9600,5
-9550,7
-9500,3
-9450,3
-9400,3
-9350,8
-9300,1
-9250,7
-9200,4
-9150,4
-9100,3
-9050,4
-9000,3
-8950,6
-8900,1
-8850,4
-8800,2
-8750,3
-8700,9
-8650,2
-8600,6
-8550,1
-8500,4
-8450,4
-8400,7
-8350,5
-8300,9
-8250,20
-8200,16
-8150,17
-8100,8
-8050,9
-8000,2
-7950,4
-7900,5
-7850,1
-7800,3
-7750,0
-7700,3
-7650,6
-7600,5
-7550,6
-7500,13
-7450,11
-7400,8
-7350,14
-7300,8
-7250,4
-7200,11
-7150,2
-7100,4
-7050,2
-7000,5
-6950,1
-6900,6
-6850,3
-6800,4
-6750,3
-6700,7
-6650,0
-6600,7
-6550,3
-6500,4
-6450,1
-6400,6
-6350,1
-6300,2
-6250,3
-6200,5
-6150,5
-6100,3
-6050,2
-6000,8
-5950,3
-5900,3
-5850,3
-5800,5
-5750,1
-5700,3
-5650,5
-5600,2
-5550,2
-5500,4
-5450,4
-5400,12
-5350,6
-5300,9
-5250,12
-5200,10
-5150,14
-5100,8
-5050,5
-5000,4
-4950,4
-4900,3
-4850,5
-4800,4
-4750,5
-4700,4
-4650,3
-4600,5
-4550,7
-4500,13
-4450,26
-4400,16
-4350,8
-4300,5
-4250,10
-4200,2
-4150,1
-4100,4
-4050,5
-4000,4
-3950,4
-3900,4
-3850,3
-3800,3
-3750,3
-3700,3
-3650,3
-3600,3
-3550,3
-3500,3
-3450,4
-3400,1
-3350,6
-3300,2
-3250,8
-3200,4
-3150,5
-3100,7
-3050,5
-3000,2
-2950,7
-2900,3
-2850,10
-2800,7
-2750,5
-2700,5
-2650,6
-2600,6
-2550,5
-2500,9
-2450,8
-2400,6
-2350,3
-2300,8
-2250,5
-2200,11
-2150,6
-2100,8
-2050,9
-2000,14
-1950,10
-1900,8
-1850,11
-1800,12
-1750,36
-1700,50
-1650,102
-1600,204
-1550,321
-1500,308
-1450,214
-1400,116
-1350,79
-1300,39
-1250,33
-1200,11
-1150,19
-1100,16
-1050,15
-1000,28
-950,26
-900,19
-850,22
-800,34
-750,27
-700,32
-650,38
-600,44
-550,54
-500,60
-450,74
-400,100
-350,128
-300,211
-250,471
-200,1036
-150,2299
-100,5217
-50,6581
0,2602
50,5713
100,4813
150,2105
200,924
250,472
300,213
350,141
400,95
450,82
500,50
550,59
600,49
650,32
700,26
750,25
800,15
850,17
900,22
950,23
1000,23
1050,25
1100,19
1150,24
1200,29
1250,33
1300,60
1350,81
1400,120
1450,207
1500,326
1550,312
1600,229
1650,103
1700,53
1750,24
1800,15
1850,14
1900,4
1950,9
2000,7
2050,3
2100,6
2150,5
2200,4
2250,3
2300,4
2350,9
2400,6
2450,2
2500,4
2550,8
2600,4
2650,5
2700,3
2750,3
2800,8
2850,7
2900,7
2950,5
3000,6
3050,5
3100,2
3150,4
3200,2
3250,5
3300,2
3350,4
3400,2
3450,0
3500,3
3550,4
3600,8
3650,3
3700,2
3750,5
3800,3
3850,10
3900,5
3950,3
4000,3
4050,5
4100,4
4150,4
4200,5
4250,5
4300,7
4350,10
4400,17
4450,22
4500,11
4550,9
4600,6
4650,4
4700,4
4750,5
4800,3
4850,2
4900,4
4950,3
5000,5
5050,5
5100,9
5150,11
5200,10
5250,17
5300,12
5350,9
5400,12
5450,6
5500,4
5550,2
5600,3
5650,4
5700,3
5750,2
5800,4
5850,4
5900,5
5950,4
6000,7
6050,3
6100,4
6150,5
6200,1
6250,4
6300,2
6350,5
6400,0
6450,6
6500,2
6550,3
6600,2
6650,3
6700,4
6750,3
6800,3
6850,3
6900,4
6950,5
7000,5
7050,2
7100,9
7150,1
7200,8
7250,4
7300,11
7350,10
7400,10
7450,7
7500,6
7550,5
7600,2
7650,7
7700,3
7750,4
7800,6
7850,4
7900,2
7950,2
8000,7
8050,4
8100,18
8150,9
8200,19
8250,15
8300,7
8350,5
8400,3
8450,3
8500,5
8550,3
8600,3
8650,3
8700,4
8750,7
8800,3
8850,1
8900,3
8950,5
9000,2
9050,4
9100,0
9150,5
9200,4
9250,1
9300,5
9350,4
9400,5
9450,2
9500,5
9550,5
9600,3
9650,5
9700,7
9750,7
9800,9
9850,4
9900,5
9950,3
10000,3
10050,3
10100,3
10150,4
10200,5
10250,2
10300,8
10350,3
10400,2
10450,12
10500,4
10550,1
10600,8
10650,5
10700,5
10750,6
10800,17
10850,24
10900,39
10950,56
11000,137
11050,279
11100,317
11150,306
11200,211
11250,147
11300,70
11350,58
11400,32
11450,25
11500,27
11550,34
11600,32
11650,27
11700,21
11750,43
11800,40
11850,41
11900,42
11950,62
12000,62
12050,79
12100,86
12150,133
12200,133
12250,186
12300,301
12350,531
12400,1074
12450,2513
12500,5582
12550,12983
12600,22023
12650,24740
12700,17684
12750,8683
12800,3809
12850,1655
12900,705
12950,362
13000,215
13050,182
13100,122
13150,92
13200,80
13250,74
13300,59
13350,57
13400,52
13450,58
13500,42
13550,37
13600,35
13650,33
13700,30
13750,19
13800,23
13850,22
13900,41
13950,54
14000,98
14050,133
14100,217
14150,293
14200,265
14250,193
14300,67
14350,51
14400,26
14450,18
14500,8
14550,8
14600,4
14650,6
14700,5
14750,2
14800,6
14850,7
14900,0
14950,4
15000,4
15050,7
15100,4
15150,10
15200,2
15250,0
15300,8
15350,8
15400,5
15450,7
15500,9
15550,8
15600,3
15650,4
15700,11
15750,4
15800,3
15850,3
15900,3
15950,5
16000,0
16050,8
16100,7
16150,3
16200,3
16250,3
16300,6
16350,5
16400,4
16450,3
16500,7
16550,3
16600,0
16650,5
16700,4
16750,3
16800,1
16850,5
16900,7
16950,8
17000,14
17050,22
17100,14
17150,8
17200,10
17250,3
17300,6
17350,6
17400,5
17450,2
17500,2
17550,4
17600,1
17650,8
17700,5
17750,7
17800,5
17850,7
17900,8
17950,7
18000,11
18050,2
18100,6
18150,3
18200,5
18250,5
18300,4
18350,2
18400,6
18450,2
18500,2
18550,6
18600,7
18650,2
18700,1
18750,3
18800,4
18850,2
18900,1
18950,2
19000,4
19050,2
19100,1
19150,1
19200,3
19250,7
19300,5
19350,6
19400,1
19450,2
19500,8
19550,3
19600,4
19650,1
19700,2
19750,5
19800,5
19850,9
19900,6
19950,8
